-81,143,xfYAnOICNsgFC1e9Lh2cJlWYF7A=,fijdERLj2MM+u433D0LEvjCxknE=
-82,130,xfYAnOICNsgFC1e9Lh2cJlWYF7A=,fijdERLj2MM+u433D0LEvjCxknE=
-81,130,xfYAnOICNsgFC1e9Lh2cJlWYF7A=,fijdERLj2MM+u433D0LEvjCxknE=
-96,131,xfYAnOICNsgFC1e9Lh2cJlWYF7A=,fijdERLj2MM+u433D0LEvjCxknE=
-95,131,xfYAnOICNsgFC1e9Lh2cJlWYF7A=,fijdERLj2MM+u433D0LEvjCxknE=
-94,131,xfYAnOICNsgFC1e9Lh2cJlWYF7A=,fijdERLj2MM+u433D0LEvjCxknE=
-96,130,xfYAnOICNsgFC1e9Lh2cJlWYF7A=,fijdERLj2MM+u433D0LEvjCxknE=
-92,128,xfYAnOICNsgFC1e9Lh2cJlWYF7A=,fijdERLj2MM+u433D0LEvjCxknE=
-93,131,xfYAnOICNsgFC1e9Lh2cJlWYF7A=,fijdERLj2MM+u433D0LEvjCxknE=
-96,128,xfYAnOICNsgFC1e9Lh2cJlWYF7A=,fijdERLj2MM+u433D0LEvjCxknE=
-92,131,xfYAnOICNsgFC1e9Lh2cJlWYF7A=,fijdERLj2MM+u433D0LEvjCxknE=
-90,131,xfYAnOICNsgFC1e9Lh2cJlWYF7A=,fijdERLj2MM+u433D0LEvjCxknE=
-91,131,xfYAnOICNsgFC1e9Lh2cJlWYF7A=,fijdERLj2MM+u433D0LEvjCxknE=
-89,131,xfYAnOICNsgFC1e9Lh2cJlWYF7A=,fijdERLj2MM+u433D0LEvjCxknE=
-86,131,xfYAnOICNsgFC1e9Lh2cJlWYF7A=,fijdERLj2MM+u433D0LEvjCxknE=
-88,131,xfYAnOICNsgFC1e9Lh2cJlWYF7A=,fijdERLj2MM+u433D0LEvjCxknE=
-87,131,xfYAnOICNsgFC1e9Lh2cJlWYF7A=,fijdERLj2MM+u433D0LEvjCxknE=
-85,131,xfYAnOICNsgFC1e9Lh2cJlWYF7A=,fijdERLj2MM+u433D0LEvjCxknE=
-84,131,xfYAnOICNsgFC1e9Lh2cJlWYF7A=,fijdERLj2MM+u433D0LEvjCxknE=
-83,131,xfYAnOICNsgFC1e9Lh2cJlWYF7A=,fijdERLj2MM+u433D0LEvjCxknE=
-82,131,xfYAnOICNsgFC1e9Lh2cJlWYF7A=,fijdERLj2MM+u433D0LEvjCxknE=
-95,130,xfYAnOICNsgFC1e9Lh2cJlWYF7A=,fijdERLj2MM+u433D0LEvjCxknE=
-81,131,xfYAnOICNsgFC1e9Lh2cJlWYF7A=,fijdERLj2MM+u433D0LEvjCxknE=
-96,132,xfYAnOICNsgFC1e9Lh2cJlWYF7A=,fijdERLj2MM+u433D0LEvjCxknE=
-94,132,xfYAnOICNsgFC1e9Lh2cJlWYF7A=,fijdERLj2MM+u433D0LEvjCxknE=
-93,132,xfYAnOICNsgFC1e9Lh2cJlWYF7A=,fijdERLj2MM+u433D0LEvjCxknE=
-92,132,xfYAnOICNsgFC1e9Lh2cJlWYF7A=,fijdERLj2MM+u433D0LEvjCxknE=
-94,130,xfYAnOICNsgFC1e9Lh2cJlWYF7A=,fijdERLj2MM+u433D0LEvjCxknE=
-91,128,xfYAnOICNsgFC1e9Lh2cJlWYF7A=,fijdERLj2MM+u433D0LEvjCxknE=
-95,132,xfYAnOICNsgFC1e9Lh2cJlWYF7A=,fijdERLj2MM+u433D0LEvjCxknE=
-90,132,xfYAnOICNsgFC1e9Lh2cJlWYF7A=,fijdERLj2MM+u433D0LEvjCxknE=
-91,132,xfYAnOICNsgFC1e9Lh2cJlWYF7A=,fijdERLj2MM+u433D0LEvjCxknE=
-89,132,xfYAnOICNsgFC1e9Lh2cJlWYF7A=,fijdERLj2MM+u433D0LEvjCxknE=
-88,132,xfYAnOICNsgFC1e9Lh2cJlWYF7A=,fijdERLj2MM+u433D0LEvjCxknE=
-86,132,xfYAnOICNsgFC1e9Lh2cJlWYF7A=,fijdERLj2MM+u433D0LEvjCxknE=
-87,132,xfYAnOICNsgFC1e9Lh2cJlWYF7A=,fijdERLj2MM+u433D0LEvjCxknE=
-84,132,xfYAnOICNsgFC1e9Lh2cJlWYF7A=,fijdERLj2MM+u433D0LEvjCxknE=
-83,132,xfYAnOICNsgFC1e9Lh2cJlWYF7A=,fijdERLj2MM+u433D0LEvjCxknE=
-85,132,xfYAnOICNsgFC1e9Lh2cJlWYF7A=,fijdERLj2MM+u433D0LEvjCxknE=
-90,128,xfYAnOICNsgFC1e9Lh2cJlWYF7A=,fijdERLj2MM+u433D0LEvjCxknE=
-96,133,xfYAnOICNsgFC1e9Lh2cJlWYF7A=,fijdERLj2MM+u433D0LEvjCxknE=
-81,132,xfYAnOICNsgFC1e9Lh2cJlWYF7A=,fijdERLj2MM+u433D0LEvjCxknE=
-94,133,xfYAnOICNsgFC1e9Lh2cJlWYF7A=,fijdERLj2MM+u433D0LEvjCxknE=
-82,132,xfYAnOICNsgFC1e9Lh2cJlWYF7A=,fijdERLj2MM+u433D0LEvjCxknE=
-93,133,xfYAnOICNsgFC1e9Lh2cJlWYF7A=,fijdERLj2MM+u433D0LEvjCxknE=
-95,133,xfYAnOICNsgFC1e9Lh2cJlWYF7A=,fijdERLj2MM+u433D0LEvjCxknE=
-93,130,xfYAnOICNsgFC1e9Lh2cJlWYF7A=,fijdERLj2MM+u433D0LEvjCxknE=
-91,133,xfYAnOICNsgFC1e9Lh2cJlWYF7A=,fijdERLj2MM+u433D0LEvjCxknE=
-89,128,xfYAnOICNsgFC1e9Lh2cJlWYF7A=,fijdERLj2MM+u433D0LEvjCxknE=
-90,133,xfYAnOICNsgFC1e9Lh2cJlWYF7A=,fijdERLj2MM+u433D0LEvjCxknE=
-92,133,xfYAnOICNsgFC1e9Lh2cJlWYF7A=,fijdERLj2MM+u433D0LEvjCxknE=
-88,133,xfYAnOICNsgFC1e9Lh2cJlWYF7A=,fijdERLj2MM+u433D0LEvjCxknE=
-89,133,xfYAnOICNsgFC1e9Lh2cJlWYF7A=,fijdERLj2MM+u433D0LEvjCxknE=
-87,133,xfYAnOICNsgFC1e9Lh2cJlWYF7A=,fijdERLj2MM+u433D0LEvjCxknE=
-86,133,xfYAnOICNsgFC1e9Lh2cJlWYF7A=,fijdERLj2MM+u433D0LEvjCxknE=
-85,133,xfYAnOICNsgFC1e9Lh2cJlWYF7A=,fijdERLj2MM+u433D0LEvjCxknE=
-84,133,xfYAnOICNsgFC1e9Lh2cJlWYF7A=,fijdERLj2MM+u433D0LEvjCxknE=
-83,133,xfYAnOICNsgFC1e9Lh2cJlWYF7A=,fijdERLj2MM+u433D0LEvjCxknE=
-82,133,xfYAnOICNsgFC1e9Lh2cJlWYF7A=,fijdERLj2MM+u433D0LEvjCxknE=
-81,133,xfYAnOICNsgFC1e9Lh2cJlWYF7A=,fijdERLj2MM+u433D0LEvjCxknE=
-95,134,xfYAnOICNsgFC1e9Lh2cJlWYF7A=,fijdERLj2MM+u433D0LEvjCxknE=
-94,134,xfYAnOICNsgFC1e9Lh2cJlWYF7A=,fijdERLj2MM+u433D0LEvjCxknE=
-96,134,xfYAnOICNsgFC1e9Lh2cJlWYF7A=,fijdERLj2MM+u433D0LEvjCxknE=
-93,134,xfYAnOICNsgFC1e9Lh2cJlWYF7A=,fijdERLj2MM+u433D0LEvjCxknE=
-92,134,xfYAnOICNsgFC1e9Lh2cJlWYF7A=,fijdERLj2MM+u433D0LEvjCxknE=
-92,130,xfYAnOICNsgFC1e9Lh2cJlWYF7A=,fijdERLj2MM+u433D0LEvjCxknE=
-90,134,xfYAnOICNsgFC1e9Lh2cJlWYF7A=,fijdERLj2MM+u433D0LEvjCxknE=
-88,128,xfYAnOICNsgFC1e9Lh2cJlWYF7A=,fijdERLj2MM+u433D0LEvjCxknE=
-89,134,xfYAnOICNsgFC1e9Lh2cJlWYF7A=,fijdERLj2MM+u433D0LEvjCxknE=
-88,134,xfYAnOICNsgFC1e9Lh2cJlWYF7A=,fijdERLj2MM+u433D0LEvjCxknE=
-87,134,xfYAnOICNsgFC1e9Lh2cJlWYF7A=,fijdERLj2MM+u433D0LEvjCxknE=
-85,134,xfYAnOICNsgFC1e9Lh2cJlWYF7A=,fijdERLj2MM+u433D0LEvjCxknE=
-86,134,xfYAnOICNsgFC1e9Lh2cJlWYF7A=,fijdERLj2MM+u433D0LEvjCxknE=
-91,134,xfYAnOICNsgFC1e9Lh2cJlWYF7A=,fijdERLj2MM+u433D0LEvjCxknE=
-84,134,xfYAnOICNsgFC1e9Lh2cJlWYF7A=,fijdERLj2MM+u433D0LEvjCxknE=
-83,134,xfYAnOICNsgFC1e9Lh2cJlWYF7A=,fijdERLj2MM+u433D0LEvjCxknE=
-82,134,xfYAnOICNsgFC1e9Lh2cJlWYF7A=,fijdERLj2MM+u433D0LEvjCxknE=
-81,134,xfYAnOICNsgFC1e9Lh2cJlWYF7A=,fijdERLj2MM+u433D0LEvjCxknE=
-95,135,xfYAnOICNsgFC1e9Lh2cJlWYF7A=,fijdERLj2MM+u433D0LEvjCxknE=
-94,135,xfYAnOICNsgFC1e9Lh2cJlWYF7A=,fijdERLj2MM+u433D0LEvjCxknE=
-96,135,xfYAnOICNsgFC1e9Lh2cJlWYF7A=,fijdERLj2MM+u433D0LEvjCxknE=
-93,135,xfYAnOICNsgFC1e9Lh2cJlWYF7A=,fijdERLj2MM+u433D0LEvjCxknE=
-92,135,xfYAnOICNsgFC1e9Lh2cJlWYF7A=,fijdERLj2MM+u433D0LEvjCxknE=
-91,135,xfYAnOICNsgFC1e9Lh2cJlWYF7A=,fijdERLj2MM+u433D0LEvjCxknE=
-90,135,xfYAnOICNsgFC1e9Lh2cJlWYF7A=,fijdERLj2MM+u433D0LEvjCxknE=
-91,130,xfYAnOICNsgFC1e9Lh2cJlWYF7A=,fijdERLj2MM+u433D0LEvjCxknE=
-89,135,xfYAnOICNsgFC1e9Lh2cJlWYF7A=,fijdERLj2MM+u433D0LEvjCxknE=
-88,135,xfYAnOICNsgFC1e9Lh2cJlWYF7A=,fijdERLj2MM+u433D0LEvjCxknE=
-86,135,xfYAnOICNsgFC1e9Lh2cJlWYF7A=,fijdERLj2MM+u433D0LEvjCxknE=
-87,135,xfYAnOICNsgFC1e9Lh2cJlWYF7A=,fijdERLj2MM+u433D0LEvjCxknE=
-87,128,xfYAnOICNsgFC1e9Lh2cJlWYF7A=,fijdERLj2MM+u433D0LEvjCxknE=
-85,135,xfYAnOICNsgFC1e9Lh2cJlWYF7A=,fijdERLj2MM+u433D0LEvjCxknE=
-84,135,xfYAnOICNsgFC1e9Lh2cJlWYF7A=,fijdERLj2MM+u433D0LEvjCxknE=
-83,135,xfYAnOICNsgFC1e9Lh2cJlWYF7A=,fijdERLj2MM+u433D0LEvjCxknE=
-81,135,xfYAnOICNsgFC1e9Lh2cJlWYF7A=,fijdERLj2MM+u433D0LEvjCxknE=
-82,135,xfYAnOICNsgFC1e9Lh2cJlWYF7A=,fijdERLj2MM+u433D0LEvjCxknE=
-96,136,xfYAnOICNsgFC1e9Lh2cJlWYF7A=,fijdERLj2MM+u433D0LEvjCxknE=
-93,136,xfYAnOICNsgFC1e9Lh2cJlWYF7A=,fijdERLj2MM+u433D0LEvjCxknE=
-94,136,xfYAnOICNsgFC1e9Lh2cJlWYF7A=,fijdERLj2MM+u433D0LEvjCxknE=
-95,136,xfYAnOICNsgFC1e9Lh2cJlWYF7A=,fijdERLj2MM+u433D0LEvjCxknE=
-91,136,xfYAnOICNsgFC1e9Lh2cJlWYF7A=,fijdERLj2MM+u433D0LEvjCxknE=
-92,136,xfYAnOICNsgFC1e9Lh2cJlWYF7A=,fijdERLj2MM+u433D0LEvjCxknE=
-90,136,xfYAnOICNsgFC1e9Lh2cJlWYF7A=,fijdERLj2MM+u433D0LEvjCxknE=
-93,128,xfYAnOICNsgFC1e9Lh2cJlWYF7A=,fijdERLj2MM+u433D0LEvjCxknE=
-89,136,xfYAnOICNsgFC1e9Lh2cJlWYF7A=,fijdERLj2MM+u433D0LEvjCxknE=
-83,143,xfYAnOICNsgFC1e9Lh2cJlWYF7A=,fijdERLj2MM+u433D0LEvjCxknE=
-88,136,xfYAnOICNsgFC1e9Lh2cJlWYF7A=,fijdERLj2MM+u433D0LEvjCxknE=
-84,143,xfYAnOICNsgFC1e9Lh2cJlWYF7A=,fijdERLj2MM+u433D0LEvjCxknE=
-82,143,xfYAnOICNsgFC1e9Lh2cJlWYF7A=,fijdERLj2MM+u433D0LEvjCxknE=
-86,128,xfYAnOICNsgFC1e9Lh2cJlWYF7A=,fijdERLj2MM+u433D0LEvjCxknE=
-90,130,xfYAnOICNsgFC1e9Lh2cJlWYF7A=,fijdERLj2MM+u433D0LEvjCxknE=
-87,136,xfYAnOICNsgFC1e9Lh2cJlWYF7A=,fijdERLj2MM+u433D0LEvjCxknE=
-86,143,xfYAnOICNsgFC1e9Lh2cJlWYF7A=,fijdERLj2MM+u433D0LEvjCxknE=
-87,143,xfYAnOICNsgFC1e9Lh2cJlWYF7A=,fijdERLj2MM+u433D0LEvjCxknE=
-86,136,xfYAnOICNsgFC1e9Lh2cJlWYF7A=,fijdERLj2MM+u433D0LEvjCxknE=
-85,143,xfYAnOICNsgFC1e9Lh2cJlWYF7A=,fijdERLj2MM+u433D0LEvjCxknE=
-88,143,xfYAnOICNsgFC1e9Lh2cJlWYF7A=,fijdERLj2MM+u433D0LEvjCxknE=
-90,143,xfYAnOICNsgFC1e9Lh2cJlWYF7A=,fijdERLj2MM+u433D0LEvjCxknE=
-84,136,xfYAnOICNsgFC1e9Lh2cJlWYF7A=,fijdERLj2MM+u433D0LEvjCxknE=
-85,136,xfYAnOICNsgFC1e9Lh2cJlWYF7A=,fijdERLj2MM+u433D0LEvjCxknE=
-91,143,xfYAnOICNsgFC1e9Lh2cJlWYF7A=,fijdERLj2MM+u433D0LEvjCxknE=
-95,129,xfYAnOICNsgFC1e9Lh2cJlWYF7A=,fijdERLj2MM+u433D0LEvjCxknE=
-93,143,xfYAnOICNsgFC1e9Lh2cJlWYF7A=,fijdERLj2MM+u433D0LEvjCxknE=
-83,130,xfYAnOICNsgFC1e9Lh2cJlWYF7A=,fijdERLj2MM+u433D0LEvjCxknE=
-83,136,xfYAnOICNsgFC1e9Lh2cJlWYF7A=,fijdERLj2MM+u433D0LEvjCxknE=
-89,143,xfYAnOICNsgFC1e9Lh2cJlWYF7A=,fijdERLj2MM+u433D0LEvjCxknE=
-94,143,xfYAnOICNsgFC1e9Lh2cJlWYF7A=,fijdERLj2MM+u433D0LEvjCxknE=
-82,136,xfYAnOICNsgFC1e9Lh2cJlWYF7A=,fijdERLj2MM+u433D0LEvjCxknE=
-92,143,xfYAnOICNsgFC1e9Lh2cJlWYF7A=,fijdERLj2MM+u433D0LEvjCxknE=
-95,143,xfYAnOICNsgFC1e9Lh2cJlWYF7A=,fijdERLj2MM+u433D0LEvjCxknE=
-81,129,xfYAnOICNsgFC1e9Lh2cJlWYF7A=,fijdERLj2MM+u433D0LEvjCxknE=
-81,142,xfYAnOICNsgFC1e9Lh2cJlWYF7A=,fijdERLj2MM+u433D0LEvjCxknE=
-82,129,xfYAnOICNsgFC1e9Lh2cJlWYF7A=,fijdERLj2MM+u433D0LEvjCxknE=
-83,129,xfYAnOICNsgFC1e9Lh2cJlWYF7A=,fijdERLj2MM+u433D0LEvjCxknE=
-81,136,xfYAnOICNsgFC1e9Lh2cJlWYF7A=,fijdERLj2MM+u433D0LEvjCxknE=
-96,143,xfYAnOICNsgFC1e9Lh2cJlWYF7A=,fijdERLj2MM+u433D0LEvjCxknE=
-85,129,xfYAnOICNsgFC1e9Lh2cJlWYF7A=,fijdERLj2MM+u433D0LEvjCxknE=
-96,137,xfYAnOICNsgFC1e9Lh2cJlWYF7A=,fijdERLj2MM+u433D0LEvjCxknE=
-84,129,xfYAnOICNsgFC1e9Lh2cJlWYF7A=,fijdERLj2MM+u433D0LEvjCxknE=
-87,129,xfYAnOICNsgFC1e9Lh2cJlWYF7A=,fijdERLj2MM+u433D0LEvjCxknE=
-88,129,xfYAnOICNsgFC1e9Lh2cJlWYF7A=,fijdERLj2MM+u433D0LEvjCxknE=
-94,137,xfYAnOICNsgFC1e9Lh2cJlWYF7A=,fijdERLj2MM+u433D0LEvjCxknE=
-89,129,xfYAnOICNsgFC1e9Lh2cJlWYF7A=,fijdERLj2MM+u433D0LEvjCxknE=
-95,137,xfYAnOICNsgFC1e9Lh2cJlWYF7A=,fijdERLj2MM+u433D0LEvjCxknE=
-92,129,xfYAnOICNsgFC1e9Lh2cJlWYF7A=,fijdERLj2MM+u433D0LEvjCxknE=
-86,129,xfYAnOICNsgFC1e9Lh2cJlWYF7A=,fijdERLj2MM+u433D0LEvjCxknE=
-94,128,xfYAnOICNsgFC1e9Lh2cJlWYF7A=,fijdERLj2MM+u433D0LEvjCxknE=
-90,129,xfYAnOICNsgFC1e9Lh2cJlWYF7A=,fijdERLj2MM+u433D0LEvjCxknE=
-93,129,xfYAnOICNsgFC1e9Lh2cJlWYF7A=,fijdERLj2MM+u433D0LEvjCxknE=
-82,142,xfYAnOICNsgFC1e9Lh2cJlWYF7A=,fijdERLj2MM+u433D0LEvjCxknE=
-83,142,xfYAnOICNsgFC1e9Lh2cJlWYF7A=,fijdERLj2MM+u433D0LEvjCxknE=
-94,129,xfYAnOICNsgFC1e9Lh2cJlWYF7A=,fijdERLj2MM+u433D0LEvjCxknE=
-85,142,xfYAnOICNsgFC1e9Lh2cJlWYF7A=,fijdERLj2MM+u433D0LEvjCxknE=
-93,137,xfYAnOICNsgFC1e9Lh2cJlWYF7A=,fijdERLj2MM+u433D0LEvjCxknE=
-91,137,xfYAnOICNsgFC1e9Lh2cJlWYF7A=,fijdERLj2MM+u433D0LEvjCxknE=
-87,142,xfYAnOICNsgFC1e9Lh2cJlWYF7A=,fijdERLj2MM+u433D0LEvjCxknE=
-92,137,xfYAnOICNsgFC1e9Lh2cJlWYF7A=,fijdERLj2MM+u433D0LEvjCxknE=
-90,137,xfYAnOICNsgFC1e9Lh2cJlWYF7A=,fijdERLj2MM+u433D0LEvjCxknE=
-86,142,xfYAnOICNsgFC1e9Lh2cJlWYF7A=,fijdERLj2MM+u433D0LEvjCxknE=
-88,142,xfYAnOICNsgFC1e9Lh2cJlWYF7A=,fijdERLj2MM+u433D0LEvjCxknE=
-90,142,xfYAnOICNsgFC1e9Lh2cJlWYF7A=,fijdERLj2MM+u433D0LEvjCxknE=
-89,142,xfYAnOICNsgFC1e9Lh2cJlWYF7A=,fijdERLj2MM+u433D0LEvjCxknE=
-89,137,xfYAnOICNsgFC1e9Lh2cJlWYF7A=,fijdERLj2MM+u433D0LEvjCxknE=
-94,142,xfYAnOICNsgFC1e9Lh2cJlWYF7A=,fijdERLj2MM+u433D0LEvjCxknE=
-95,142,xfYAnOICNsgFC1e9Lh2cJlWYF7A=,fijdERLj2MM+u433D0LEvjCxknE=
-84,130,xfYAnOICNsgFC1e9Lh2cJlWYF7A=,fijdERLj2MM+u433D0LEvjCxknE=
-88,137,xfYAnOICNsgFC1e9Lh2cJlWYF7A=,fijdERLj2MM+u433D0LEvjCxknE=
-92,142,xfYAnOICNsgFC1e9Lh2cJlWYF7A=,fijdERLj2MM+u433D0LEvjCxknE=
-91,142,xfYAnOICNsgFC1e9Lh2cJlWYF7A=,fijdERLj2MM+u433D0LEvjCxknE=
-93,142,xfYAnOICNsgFC1e9Lh2cJlWYF7A=,fijdERLj2MM+u433D0LEvjCxknE=
-96,142,xfYAnOICNsgFC1e9Lh2cJlWYF7A=,fijdERLj2MM+u433D0LEvjCxknE=
-89,130,xfYAnOICNsgFC1e9Lh2cJlWYF7A=,fijdERLj2MM+u433D0LEvjCxknE=
-96,129,xfYAnOICNsgFC1e9Lh2cJlWYF7A=,fijdERLj2MM+u433D0LEvjCxknE=
-81,141,xfYAnOICNsgFC1e9Lh2cJlWYF7A=,fijdERLj2MM+u433D0LEvjCxknE=
-87,137,xfYAnOICNsgFC1e9Lh2cJlWYF7A=,fijdERLj2MM+u433D0LEvjCxknE=
-81,128,xfYAnOICNsgFC1e9Lh2cJlWYF7A=,fijdERLj2MM+u433D0LEvjCxknE=
-82,141,xfYAnOICNsgFC1e9Lh2cJlWYF7A=,fijdERLj2MM+u433D0LEvjCxknE=
-84,141,xfYAnOICNsgFC1e9Lh2cJlWYF7A=,fijdERLj2MM+u433D0LEvjCxknE=
-85,141,xfYAnOICNsgFC1e9Lh2cJlWYF7A=,fijdERLj2MM+u433D0LEvjCxknE=
-85,130,xfYAnOICNsgFC1e9Lh2cJlWYF7A=,fijdERLj2MM+u433D0LEvjCxknE=
-85,128,xfYAnOICNsgFC1e9Lh2cJlWYF7A=,fijdERLj2MM+u433D0LEvjCxknE=
-88,141,xfYAnOICNsgFC1e9Lh2cJlWYF7A=,fijdERLj2MM+u433D0LEvjCxknE=
-83,141,xfYAnOICNsgFC1e9Lh2cJlWYF7A=,fijdERLj2MM+u433D0LEvjCxknE=
-89,141,xfYAnOICNsgFC1e9Lh2cJlWYF7A=,fijdERLj2MM+u433D0LEvjCxknE=
-87,141,xfYAnOICNsgFC1e9Lh2cJlWYF7A=,fijdERLj2MM+u433D0LEvjCxknE=
-92,141,xfYAnOICNsgFC1e9Lh2cJlWYF7A=,fijdERLj2MM+u433D0LEvjCxknE=
-90,141,xfYAnOICNsgFC1e9Lh2cJlWYF7A=,fijdERLj2MM+u433D0LEvjCxknE=
-86,141,xfYAnOICNsgFC1e9Lh2cJlWYF7A=,fijdERLj2MM+u433D0LEvjCxknE=
-91,141,xfYAnOICNsgFC1e9Lh2cJlWYF7A=,fijdERLj2MM+u433D0LEvjCxknE=
-94,141,xfYAnOICNsgFC1e9Lh2cJlWYF7A=,fijdERLj2MM+u433D0LEvjCxknE=
-93,141,xfYAnOICNsgFC1e9Lh2cJlWYF7A=,fijdERLj2MM+u433D0LEvjCxknE=
-95,141,xfYAnOICNsgFC1e9Lh2cJlWYF7A=,fijdERLj2MM+u433D0LEvjCxknE=
-81,140,xfYAnOICNsgFC1e9Lh2cJlWYF7A=,fijdERLj2MM+u433D0LEvjCxknE=
-96,141,xfYAnOICNsgFC1e9Lh2cJlWYF7A=,fijdERLj2MM+u433D0LEvjCxknE=
-82,128,xfYAnOICNsgFC1e9Lh2cJlWYF7A=,fijdERLj2MM+u433D0LEvjCxknE=
-83,140,xfYAnOICNsgFC1e9Lh2cJlWYF7A=,fijdERLj2MM+u433D0LEvjCxknE=
-86,130,xfYAnOICNsgFC1e9Lh2cJlWYF7A=,fijdERLj2MM+u433D0LEvjCxknE=
-82,140,xfYAnOICNsgFC1e9Lh2cJlWYF7A=,fijdERLj2MM+u433D0LEvjCxknE=
-85,140,xfYAnOICNsgFC1e9Lh2cJlWYF7A=,fijdERLj2MM+u433D0LEvjCxknE=
-95,128,xfYAnOICNsgFC1e9Lh2cJlWYF7A=,fijdERLj2MM+u433D0LEvjCxknE=
-87,140,xfYAnOICNsgFC1e9Lh2cJlWYF7A=,fijdERLj2MM+u433D0LEvjCxknE=
-89,140,xfYAnOICNsgFC1e9Lh2cJlWYF7A=,fijdERLj2MM+u433D0LEvjCxknE=
-88,140,xfYAnOICNsgFC1e9Lh2cJlWYF7A=,fijdERLj2MM+u433D0LEvjCxknE=
-86,140,xfYAnOICNsgFC1e9Lh2cJlWYF7A=,fijdERLj2MM+u433D0LEvjCxknE=
-90,140,xfYAnOICNsgFC1e9Lh2cJlWYF7A=,fijdERLj2MM+u433D0LEvjCxknE=
-92,140,xfYAnOICNsgFC1e9Lh2cJlWYF7A=,fijdERLj2MM+u433D0LEvjCxknE=
-93,140,xfYAnOICNsgFC1e9Lh2cJlWYF7A=,fijdERLj2MM+u433D0LEvjCxknE=
-84,140,xfYAnOICNsgFC1e9Lh2cJlWYF7A=,fijdERLj2MM+u433D0LEvjCxknE=
-94,140,xfYAnOICNsgFC1e9Lh2cJlWYF7A=,fijdERLj2MM+u433D0LEvjCxknE=
-95,140,xfYAnOICNsgFC1e9Lh2cJlWYF7A=,fijdERLj2MM+u433D0LEvjCxknE=
-91,140,xfYAnOICNsgFC1e9Lh2cJlWYF7A=,fijdERLj2MM+u433D0LEvjCxknE=
-86,137,xfYAnOICNsgFC1e9Lh2cJlWYF7A=,fijdERLj2MM+u433D0LEvjCxknE=
-96,140,xfYAnOICNsgFC1e9Lh2cJlWYF7A=,fijdERLj2MM+u433D0LEvjCxknE=
-84,142,xfYAnOICNsgFC1e9Lh2cJlWYF7A=,fijdERLj2MM+u433D0LEvjCxknE=
-81,139,xfYAnOICNsgFC1e9Lh2cJlWYF7A=,fijdERLj2MM+u433D0LEvjCxknE=
-82,139,xfYAnOICNsgFC1e9Lh2cJlWYF7A=,fijdERLj2MM+u433D0LEvjCxknE=
-85,137,xfYAnOICNsgFC1e9Lh2cJlWYF7A=,fijdERLj2MM+u433D0LEvjCxknE=
-83,139,xfYAnOICNsgFC1e9Lh2cJlWYF7A=,fijdERLj2MM+u433D0LEvjCxknE=
-84,139,xfYAnOICNsgFC1e9Lh2cJlWYF7A=,fijdERLj2MM+u433D0LEvjCxknE=
-83,128,xfYAnOICNsgFC1e9Lh2cJlWYF7A=,fijdERLj2MM+u433D0LEvjCxknE=
-85,139,xfYAnOICNsgFC1e9Lh2cJlWYF7A=,fijdERLj2MM+u433D0LEvjCxknE=
-86,139,xfYAnOICNsgFC1e9Lh2cJlWYF7A=,fijdERLj2MM+u433D0LEvjCxknE=
-87,139,xfYAnOICNsgFC1e9Lh2cJlWYF7A=,fijdERLj2MM+u433D0LEvjCxknE=
-89,139,xfYAnOICNsgFC1e9Lh2cJlWYF7A=,fijdERLj2MM+u433D0LEvjCxknE=
-88,139,xfYAnOICNsgFC1e9Lh2cJlWYF7A=,fijdERLj2MM+u433D0LEvjCxknE=
-84,137,xfYAnOICNsgFC1e9Lh2cJlWYF7A=,fijdERLj2MM+u433D0LEvjCxknE=
-90,139,xfYAnOICNsgFC1e9Lh2cJlWYF7A=,fijdERLj2MM+u433D0LEvjCxknE=
-87,130,xfYAnOICNsgFC1e9Lh2cJlWYF7A=,fijdERLj2MM+u433D0LEvjCxknE=
-93,139,xfYAnOICNsgFC1e9Lh2cJlWYF7A=,fijdERLj2MM+u433D0LEvjCxknE=
-91,139,xfYAnOICNsgFC1e9Lh2cJlWYF7A=,fijdERLj2MM+u433D0LEvjCxknE=
-92,139,xfYAnOICNsgFC1e9Lh2cJlWYF7A=,fijdERLj2MM+u433D0LEvjCxknE=
-83,137,xfYAnOICNsgFC1e9Lh2cJlWYF7A=,fijdERLj2MM+u433D0LEvjCxknE=
-94,139,xfYAnOICNsgFC1e9Lh2cJlWYF7A=,fijdERLj2MM+u433D0LEvjCxknE=
-81,138,xfYAnOICNsgFC1e9Lh2cJlWYF7A=,fijdERLj2MM+u433D0LEvjCxknE=
-95,139,xfYAnOICNsgFC1e9Lh2cJlWYF7A=,fijdERLj2MM+u433D0LEvjCxknE=
-91,129,xfYAnOICNsgFC1e9Lh2cJlWYF7A=,fijdERLj2MM+u433D0LEvjCxknE=
-82,138,xfYAnOICNsgFC1e9Lh2cJlWYF7A=,fijdERLj2MM+u433D0LEvjCxknE=
-96,139,xfYAnOICNsgFC1e9Lh2cJlWYF7A=,fijdERLj2MM+u433D0LEvjCxknE=
-82,137,xfYAnOICNsgFC1e9Lh2cJlWYF7A=,fijdERLj2MM+u433D0LEvjCxknE=
-84,138,xfYAnOICNsgFC1e9Lh2cJlWYF7A=,fijdERLj2MM+u433D0LEvjCxknE=
-85,138,xfYAnOICNsgFC1e9Lh2cJlWYF7A=,fijdERLj2MM+u433D0LEvjCxknE=
-84,128,xfYAnOICNsgFC1e9Lh2cJlWYF7A=,fijdERLj2MM+u433D0LEvjCxknE=
-88,130,xfYAnOICNsgFC1e9Lh2cJlWYF7A=,fijdERLj2MM+u433D0LEvjCxknE=
-83,138,xfYAnOICNsgFC1e9Lh2cJlWYF7A=,fijdERLj2MM+u433D0LEvjCxknE=
-87,138,xfYAnOICNsgFC1e9Lh2cJlWYF7A=,fijdERLj2MM+u433D0LEvjCxknE=
-88,138,xfYAnOICNsgFC1e9Lh2cJlWYF7A=,fijdERLj2MM+u433D0LEvjCxknE=
-90,138,xfYAnOICNsgFC1e9Lh2cJlWYF7A=,fijdERLj2MM+u433D0LEvjCxknE=
-86,138,xfYAnOICNsgFC1e9Lh2cJlWYF7A=,fijdERLj2MM+u433D0LEvjCxknE=
-92,138,xfYAnOICNsgFC1e9Lh2cJlWYF7A=,fijdERLj2MM+u433D0LEvjCxknE=
-89,138,xfYAnOICNsgFC1e9Lh2cJlWYF7A=,fijdERLj2MM+u433D0LEvjCxknE=
-93,138,xfYAnOICNsgFC1e9Lh2cJlWYF7A=,fijdERLj2MM+u433D0LEvjCxknE=
-91,138,xfYAnOICNsgFC1e9Lh2cJlWYF7A=,fijdERLj2MM+u433D0LEvjCxknE=
-81,137,xfYAnOICNsgFC1e9Lh2cJlWYF7A=,fijdERLj2MM+u433D0LEvjCxknE=
-94,138,xfYAnOICNsgFC1e9Lh2cJlWYF7A=,fijdERLj2MM+u433D0LEvjCxknE=
-95,138,xfYAnOICNsgFC1e9Lh2cJlWYF7A=,fijdERLj2MM+u433D0LEvjCxknE=
-96,138,xfYAnOICNsgFC1e9Lh2cJlWYF7A=,fijdERLj2MM+u433D0LEvjCxknE=
-65,143,lDujO1idUPlYJ8cnC2MwBOdUKz0=,bm4z25eK5XpshUpvmCopBWXCuac=
-65,130,lDujO1idUPlYJ8cnC2MwBOdUKz0=,bm4z25eK5XpshUpvmCopBWXCuac=
-66,130,lDujO1idUPlYJ8cnC2MwBOdUKz0=,bm4z25eK5XpshUpvmCopBWXCuac=
-80,131,lDujO1idUPlYJ8cnC2MwBOdUKz0=,bm4z25eK5XpshUpvmCopBWXCuac=
-79,131,lDujO1idUPlYJ8cnC2MwBOdUKz0=,bm4z25eK5XpshUpvmCopBWXCuac=
-80,130,lDujO1idUPlYJ8cnC2MwBOdUKz0=,bm4z25eK5XpshUpvmCopBWXCuac=
-78,131,lDujO1idUPlYJ8cnC2MwBOdUKz0=,bm4z25eK5XpshUpvmCopBWXCuac=
-76,128,lDujO1idUPlYJ8cnC2MwBOdUKz0=,bm4z25eK5XpshUpvmCopBWXCuac=
-77,131,lDujO1idUPlYJ8cnC2MwBOdUKz0=,bm4z25eK5XpshUpvmCopBWXCuac=
-76,131,lDujO1idUPlYJ8cnC2MwBOdUKz0=,bm4z25eK5XpshUpvmCopBWXCuac=
-74,131,lDujO1idUPlYJ8cnC2MwBOdUKz0=,bm4z25eK5XpshUpvmCopBWXCuac=
-75,131,lDujO1idUPlYJ8cnC2MwBOdUKz0=,bm4z25eK5XpshUpvmCopBWXCuac=
-80,128,lDujO1idUPlYJ8cnC2MwBOdUKz0=,bm4z25eK5XpshUpvmCopBWXCuac=
-72,131,lDujO1idUPlYJ8cnC2MwBOdUKz0=,bm4z25eK5XpshUpvmCopBWXCuac=
-71,131,lDujO1idUPlYJ8cnC2MwBOdUKz0=,bm4z25eK5XpshUpvmCopBWXCuac=
-73,131,lDujO1idUPlYJ8cnC2MwBOdUKz0=,bm4z25eK5XpshUpvmCopBWXCuac=
-69,131,lDujO1idUPlYJ8cnC2MwBOdUKz0=,bm4z25eK5XpshUpvmCopBWXCuac=
-68,131,lDujO1idUPlYJ8cnC2MwBOdUKz0=,bm4z25eK5XpshUpvmCopBWXCuac=
-67,131,lDujO1idUPlYJ8cnC2MwBOdUKz0=,bm4z25eK5XpshUpvmCopBWXCuac=
-79,130,lDujO1idUPlYJ8cnC2MwBOdUKz0=,bm4z25eK5XpshUpvmCopBWXCuac=
-66,131,lDujO1idUPlYJ8cnC2MwBOdUKz0=,bm4z25eK5XpshUpvmCopBWXCuac=
-65,131,lDujO1idUPlYJ8cnC2MwBOdUKz0=,bm4z25eK5XpshUpvmCopBWXCuac=
-80,132,lDujO1idUPlYJ8cnC2MwBOdUKz0=,bm4z25eK5XpshUpvmCopBWXCuac=
-79,132,lDujO1idUPlYJ8cnC2MwBOdUKz0=,bm4z25eK5XpshUpvmCopBWXCuac=
-76,132,lDujO1idUPlYJ8cnC2MwBOdUKz0=,bm4z25eK5XpshUpvmCopBWXCuac=
-78,130,lDujO1idUPlYJ8cnC2MwBOdUKz0=,bm4z25eK5XpshUpvmCopBWXCuac=
-75,128,lDujO1idUPlYJ8cnC2MwBOdUKz0=,bm4z25eK5XpshUpvmCopBWXCuac=
-78,132,lDujO1idUPlYJ8cnC2MwBOdUKz0=,bm4z25eK5XpshUpvmCopBWXCuac=
-77,132,lDujO1idUPlYJ8cnC2MwBOdUKz0=,bm4z25eK5XpshUpvmCopBWXCuac=
-74,132,lDujO1idUPlYJ8cnC2MwBOdUKz0=,bm4z25eK5XpshUpvmCopBWXCuac=
-75,132,lDujO1idUPlYJ8cnC2MwBOdUKz0=,bm4z25eK5XpshUpvmCopBWXCuac=
-73,132,lDujO1idUPlYJ8cnC2MwBOdUKz0=,bm4z25eK5XpshUpvmCopBWXCuac=
-72,132,lDujO1idUPlYJ8cnC2MwBOdUKz0=,bm4z25eK5XpshUpvmCopBWXCuac=
-71,132,lDujO1idUPlYJ8cnC2MwBOdUKz0=,bm4z25eK5XpshUpvmCopBWXCuac=
-70,132,lDujO1idUPlYJ8cnC2MwBOdUKz0=,bm4z25eK5XpshUpvmCopBWXCuac=
-69,132,lDujO1idUPlYJ8cnC2MwBOdUKz0=,bm4z25eK5XpshUpvmCopBWXCuac=
-66,132,lDujO1idUPlYJ8cnC2MwBOdUKz0=,bm4z25eK5XpshUpvmCopBWXCuac=
-74,128,lDujO1idUPlYJ8cnC2MwBOdUKz0=,bm4z25eK5XpshUpvmCopBWXCuac=
-67,132,lDujO1idUPlYJ8cnC2MwBOdUKz0=,bm4z25eK5XpshUpvmCopBWXCuac=
-65,132,lDujO1idUPlYJ8cnC2MwBOdUKz0=,bm4z25eK5XpshUpvmCopBWXCuac=
-79,133,lDujO1idUPlYJ8cnC2MwBOdUKz0=,bm4z25eK5XpshUpvmCopBWXCuac=
-80,133,lDujO1idUPlYJ8cnC2MwBOdUKz0=,bm4z25eK5XpshUpvmCopBWXCuac=
-78,133,lDujO1idUPlYJ8cnC2MwBOdUKz0=,bm4z25eK5XpshUpvmCopBWXCuac=
-77,133,lDujO1idUPlYJ8cnC2MwBOdUKz0=,bm4z25eK5XpshUpvmCopBWXCuac=
-76,133,lDujO1idUPlYJ8cnC2MwBOdUKz0=,bm4z25eK5XpshUpvmCopBWXCuac=
-70,131,lDujO1idUPlYJ8cnC2MwBOdUKz0=,bm4z25eK5XpshUpvmCopBWXCuac=
-75,133,lDujO1idUPlYJ8cnC2MwBOdUKz0=,bm4z25eK5XpshUpvmCopBWXCuac=
-77,130,lDujO1idUPlYJ8cnC2MwBOdUKz0=,bm4z25eK5XpshUpvmCopBWXCuac=
-73,128,lDujO1idUPlYJ8cnC2MwBOdUKz0=,bm4z25eK5XpshUpvmCopBWXCuac=
-73,133,lDujO1idUPlYJ8cnC2MwBOdUKz0=,bm4z25eK5XpshUpvmCopBWXCuac=
-72,133,lDujO1idUPlYJ8cnC2MwBOdUKz0=,bm4z25eK5XpshUpvmCopBWXCuac=
-74,133,lDujO1idUPlYJ8cnC2MwBOdUKz0=,bm4z25eK5XpshUpvmCopBWXCuac=
-71,133,lDujO1idUPlYJ8cnC2MwBOdUKz0=,bm4z25eK5XpshUpvmCopBWXCuac=
-68,132,lDujO1idUPlYJ8cnC2MwBOdUKz0=,bm4z25eK5XpshUpvmCopBWXCuac=
-69,133,lDujO1idUPlYJ8cnC2MwBOdUKz0=,bm4z25eK5XpshUpvmCopBWXCuac=
-70,133,lDujO1idUPlYJ8cnC2MwBOdUKz0=,bm4z25eK5XpshUpvmCopBWXCuac=
-67,133,lDujO1idUPlYJ8cnC2MwBOdUKz0=,bm4z25eK5XpshUpvmCopBWXCuac=
-68,133,lDujO1idUPlYJ8cnC2MwBOdUKz0=,bm4z25eK5XpshUpvmCopBWXCuac=
-66,133,lDujO1idUPlYJ8cnC2MwBOdUKz0=,bm4z25eK5XpshUpvmCopBWXCuac=
-65,133,lDujO1idUPlYJ8cnC2MwBOdUKz0=,bm4z25eK5XpshUpvmCopBWXCuac=
-80,134,lDujO1idUPlYJ8cnC2MwBOdUKz0=,bm4z25eK5XpshUpvmCopBWXCuac=
-79,134,lDujO1idUPlYJ8cnC2MwBOdUKz0=,bm4z25eK5XpshUpvmCopBWXCuac=
-78,134,lDujO1idUPlYJ8cnC2MwBOdUKz0=,bm4z25eK5XpshUpvmCopBWXCuac=
-77,134,lDujO1idUPlYJ8cnC2MwBOdUKz0=,bm4z25eK5XpshUpvmCopBWXCuac=
-75,134,lDujO1idUPlYJ8cnC2MwBOdUKz0=,bm4z25eK5XpshUpvmCopBWXCuac=
-76,130,lDujO1idUPlYJ8cnC2MwBOdUKz0=,bm4z25eK5XpshUpvmCopBWXCuac=
-76,134,lDujO1idUPlYJ8cnC2MwBOdUKz0=,bm4z25eK5XpshUpvmCopBWXCuac=
-74,134,lDujO1idUPlYJ8cnC2MwBOdUKz0=,bm4z25eK5XpshUpvmCopBWXCuac=
-72,128,lDujO1idUPlYJ8cnC2MwBOdUKz0=,bm4z25eK5XpshUpvmCopBWXCuac=
-73,134,lDujO1idUPlYJ8cnC2MwBOdUKz0=,bm4z25eK5XpshUpvmCopBWXCuac=
-72,134,lDujO1idUPlYJ8cnC2MwBOdUKz0=,bm4z25eK5XpshUpvmCopBWXCuac=
-71,134,lDujO1idUPlYJ8cnC2MwBOdUKz0=,bm4z25eK5XpshUpvmCopBWXCuac=
-70,134,lDujO1idUPlYJ8cnC2MwBOdUKz0=,bm4z25eK5XpshUpvmCopBWXCuac=
-69,134,lDujO1idUPlYJ8cnC2MwBOdUKz0=,bm4z25eK5XpshUpvmCopBWXCuac=
-68,134,lDujO1idUPlYJ8cnC2MwBOdUKz0=,bm4z25eK5XpshUpvmCopBWXCuac=
-67,134,lDujO1idUPlYJ8cnC2MwBOdUKz0=,bm4z25eK5XpshUpvmCopBWXCuac=
-66,134,lDujO1idUPlYJ8cnC2MwBOdUKz0=,bm4z25eK5XpshUpvmCopBWXCuac=
-80,135,lDujO1idUPlYJ8cnC2MwBOdUKz0=,bm4z25eK5XpshUpvmCopBWXCuac=
-65,134,lDujO1idUPlYJ8cnC2MwBOdUKz0=,bm4z25eK5XpshUpvmCopBWXCuac=
-79,135,lDujO1idUPlYJ8cnC2MwBOdUKz0=,bm4z25eK5XpshUpvmCopBWXCuac=
-78,135,lDujO1idUPlYJ8cnC2MwBOdUKz0=,bm4z25eK5XpshUpvmCopBWXCuac=
-77,135,lDujO1idUPlYJ8cnC2MwBOdUKz0=,bm4z25eK5XpshUpvmCopBWXCuac=
-76,135,lDujO1idUPlYJ8cnC2MwBOdUKz0=,bm4z25eK5XpshUpvmCopBWXCuac=
-75,135,lDujO1idUPlYJ8cnC2MwBOdUKz0=,bm4z25eK5XpshUpvmCopBWXCuac=
-74,135,lDujO1idUPlYJ8cnC2MwBOdUKz0=,bm4z25eK5XpshUpvmCopBWXCuac=
-75,130,lDujO1idUPlYJ8cnC2MwBOdUKz0=,bm4z25eK5XpshUpvmCopBWXCuac=
-73,135,lDujO1idUPlYJ8cnC2MwBOdUKz0=,bm4z25eK5XpshUpvmCopBWXCuac=
-71,128,lDujO1idUPlYJ8cnC2MwBOdUKz0=,bm4z25eK5XpshUpvmCopBWXCuac=
-72,135,lDujO1idUPlYJ8cnC2MwBOdUKz0=,bm4z25eK5XpshUpvmCopBWXCuac=
-71,135,lDujO1idUPlYJ8cnC2MwBOdUKz0=,bm4z25eK5XpshUpvmCopBWXCuac=
-70,135,lDujO1idUPlYJ8cnC2MwBOdUKz0=,bm4z25eK5XpshUpvmCopBWXCuac=
-68,135,lDujO1idUPlYJ8cnC2MwBOdUKz0=,bm4z25eK5XpshUpvmCopBWXCuac=
-69,135,lDujO1idUPlYJ8cnC2MwBOdUKz0=,bm4z25eK5XpshUpvmCopBWXCuac=
-66,135,lDujO1idUPlYJ8cnC2MwBOdUKz0=,bm4z25eK5XpshUpvmCopBWXCuac=
-67,135,lDujO1idUPlYJ8cnC2MwBOdUKz0=,bm4z25eK5XpshUpvmCopBWXCuac=
-65,135,lDujO1idUPlYJ8cnC2MwBOdUKz0=,bm4z25eK5XpshUpvmCopBWXCuac=
-80,136,lDujO1idUPlYJ8cnC2MwBOdUKz0=,bm4z25eK5XpshUpvmCopBWXCuac=
-77,128,lDujO1idUPlYJ8cnC2MwBOdUKz0=,bm4z25eK5XpshUpvmCopBWXCuac=
-79,136,lDujO1idUPlYJ8cnC2MwBOdUKz0=,bm4z25eK5XpshUpvmCopBWXCuac=
-67,143,lDujO1idUPlYJ8cnC2MwBOdUKz0=,bm4z25eK5XpshUpvmCopBWXCuac=
-78,136,lDujO1idUPlYJ8cnC2MwBOdUKz0=,bm4z25eK5XpshUpvmCopBWXCuac=
-77,136,lDujO1idUPlYJ8cnC2MwBOdUKz0=,bm4z25eK5XpshUpvmCopBWXCuac=
-68,143,lDujO1idUPlYJ8cnC2MwBOdUKz0=,bm4z25eK5XpshUpvmCopBWXCuac=
-66,143,lDujO1idUPlYJ8cnC2MwBOdUKz0=,bm4z25eK5XpshUpvmCopBWXCuac=
-76,136,lDujO1idUPlYJ8cnC2MwBOdUKz0=,bm4z25eK5XpshUpvmCopBWXCuac=
-69,143,lDujO1idUPlYJ8cnC2MwBOdUKz0=,bm4z25eK5XpshUpvmCopBWXCuac=
-75,136,lDujO1idUPlYJ8cnC2MwBOdUKz0=,bm4z25eK5XpshUpvmCopBWXCuac=
-70,143,lDujO1idUPlYJ8cnC2MwBOdUKz0=,bm4z25eK5XpshUpvmCopBWXCuac=
-74,136,lDujO1idUPlYJ8cnC2MwBOdUKz0=,bm4z25eK5XpshUpvmCopBWXCuac=
-71,143,lDujO1idUPlYJ8cnC2MwBOdUKz0=,bm4z25eK5XpshUpvmCopBWXCuac=
-73,136,lDujO1idUPlYJ8cnC2MwBOdUKz0=,bm4z25eK5XpshUpvmCopBWXCuac=
-72,143,lDujO1idUPlYJ8cnC2MwBOdUKz0=,bm4z25eK5XpshUpvmCopBWXCuac=
-74,143,lDujO1idUPlYJ8cnC2MwBOdUKz0=,bm4z25eK5XpshUpvmCopBWXCuac=
-74,130,lDujO1idUPlYJ8cnC2MwBOdUKz0=,bm4z25eK5XpshUpvmCopBWXCuac=
-75,143,lDujO1idUPlYJ8cnC2MwBOdUKz0=,bm4z25eK5XpshUpvmCopBWXCuac=
-73,143,lDujO1idUPlYJ8cnC2MwBOdUKz0=,bm4z25eK5XpshUpvmCopBWXCuac=
-76,143,lDujO1idUPlYJ8cnC2MwBOdUKz0=,bm4z25eK5XpshUpvmCopBWXCuac=
-72,136,lDujO1idUPlYJ8cnC2MwBOdUKz0=,bm4z25eK5XpshUpvmCopBWXCuac=
-77,143,lDujO1idUPlYJ8cnC2MwBOdUKz0=,bm4z25eK5XpshUpvmCopBWXCuac=
-79,143,lDujO1idUPlYJ8cnC2MwBOdUKz0=,bm4z25eK5XpshUpvmCopBWXCuac=
-78,143,lDujO1idUPlYJ8cnC2MwBOdUKz0=,bm4z25eK5XpshUpvmCopBWXCuac=
-70,128,lDujO1idUPlYJ8cnC2MwBOdUKz0=,bm4z25eK5XpshUpvmCopBWXCuac=
-79,129,lDujO1idUPlYJ8cnC2MwBOdUKz0=,bm4z25eK5XpshUpvmCopBWXCuac=
-65,129,lDujO1idUPlYJ8cnC2MwBOdUKz0=,bm4z25eK5XpshUpvmCopBWXCuac=
-71,136,lDujO1idUPlYJ8cnC2MwBOdUKz0=,bm4z25eK5XpshUpvmCopBWXCuac=
-66,129,lDujO1idUPlYJ8cnC2MwBOdUKz0=,bm4z25eK5XpshUpvmCopBWXCuac=
-80,143,lDujO1idUPlYJ8cnC2MwBOdUKz0=,bm4z25eK5XpshUpvmCopBWXCuac=
-67,130,lDujO1idUPlYJ8cnC2MwBOdUKz0=,bm4z25eK5XpshUpvmCopBWXCuac=
-67,129,lDujO1idUPlYJ8cnC2MwBOdUKz0=,bm4z25eK5XpshUpvmCopBWXCuac=
-69,129,lDujO1idUPlYJ8cnC2MwBOdUKz0=,bm4z25eK5XpshUpvmCopBWXCuac=
-70,136,lDujO1idUPlYJ8cnC2MwBOdUKz0=,bm4z25eK5XpshUpvmCopBWXCuac=
-65,142,lDujO1idUPlYJ8cnC2MwBOdUKz0=,bm4z25eK5XpshUpvmCopBWXCuac=
-68,129,lDujO1idUPlYJ8cnC2MwBOdUKz0=,bm4z25eK5XpshUpvmCopBWXCuac=
-71,129,lDujO1idUPlYJ8cnC2MwBOdUKz0=,bm4z25eK5XpshUpvmCopBWXCuac=
-69,136,lDujO1idUPlYJ8cnC2MwBOdUKz0=,bm4z25eK5XpshUpvmCopBWXCuac=
-72,129,lDujO1idUPlYJ8cnC2MwBOdUKz0=,bm4z25eK5XpshUpvmCopBWXCuac=
-73,129,lDujO1idUPlYJ8cnC2MwBOdUKz0=,bm4z25eK5XpshUpvmCopBWXCuac=
-68,136,lDujO1idUPlYJ8cnC2MwBOdUKz0=,bm4z25eK5XpshUpvmCopBWXCuac=
-70,129,lDujO1idUPlYJ8cnC2MwBOdUKz0=,bm4z25eK5XpshUpvmCopBWXCuac=
-75,129,lDujO1idUPlYJ8cnC2MwBOdUKz0=,bm4z25eK5XpshUpvmCopBWXCuac=
-74,129,lDujO1idUPlYJ8cnC2MwBOdUKz0=,bm4z25eK5XpshUpvmCopBWXCuac=
-77,129,lDujO1idUPlYJ8cnC2MwBOdUKz0=,bm4z25eK5XpshUpvmCopBWXCuac=
-76,129,lDujO1idUPlYJ8cnC2MwBOdUKz0=,bm4z25eK5XpshUpvmCopBWXCuac=
-68,130,lDujO1idUPlYJ8cnC2MwBOdUKz0=,bm4z25eK5XpshUpvmCopBWXCuac=
-66,142,lDujO1idUPlYJ8cnC2MwBOdUKz0=,bm4z25eK5XpshUpvmCopBWXCuac=
-78,128,lDujO1idUPlYJ8cnC2MwBOdUKz0=,bm4z25eK5XpshUpvmCopBWXCuac=
-67,142,lDujO1idUPlYJ8cnC2MwBOdUKz0=,bm4z25eK5XpshUpvmCopBWXCuac=
-68,142,lDujO1idUPlYJ8cnC2MwBOdUKz0=,bm4z25eK5XpshUpvmCopBWXCuac=
-70,142,lDujO1idUPlYJ8cnC2MwBOdUKz0=,bm4z25eK5XpshUpvmCopBWXCuac=
-69,142,lDujO1idUPlYJ8cnC2MwBOdUKz0=,bm4z25eK5XpshUpvmCopBWXCuac=
-78,142,lDujO1idUPlYJ8cnC2MwBOdUKz0=,bm4z25eK5XpshUpvmCopBWXCuac=
-79,142,lDujO1idUPlYJ8cnC2MwBOdUKz0=,bm4z25eK5XpshUpvmCopBWXCuac=
-67,136,lDujO1idUPlYJ8cnC2MwBOdUKz0=,bm4z25eK5XpshUpvmCopBWXCuac=
-80,142,lDujO1idUPlYJ8cnC2MwBOdUKz0=,bm4z25eK5XpshUpvmCopBWXCuac=
-80,129,lDujO1idUPlYJ8cnC2MwBOdUKz0=,bm4z25eK5XpshUpvmCopBWXCuac=
-66,141,lDujO1idUPlYJ8cnC2MwBOdUKz0=,bm4z25eK5XpshUpvmCopBWXCuac=
-71,142,lDujO1idUPlYJ8cnC2MwBOdUKz0=,bm4z25eK5XpshUpvmCopBWXCuac=
-65,141,lDujO1idUPlYJ8cnC2MwBOdUKz0=,bm4z25eK5XpshUpvmCopBWXCuac=
-66,136,lDujO1idUPlYJ8cnC2MwBOdUKz0=,bm4z25eK5XpshUpvmCopBWXCuac=
-65,128,lDujO1idUPlYJ8cnC2MwBOdUKz0=,bm4z25eK5XpshUpvmCopBWXCuac=
-67,141,lDujO1idUPlYJ8cnC2MwBOdUKz0=,bm4z25eK5XpshUpvmCopBWXCuac=
-69,130,lDujO1idUPlYJ8cnC2MwBOdUKz0=,bm4z25eK5XpshUpvmCopBWXCuac=
-65,136,lDujO1idUPlYJ8cnC2MwBOdUKz0=,bm4z25eK5XpshUpvmCopBWXCuac=
-69,141,lDujO1idUPlYJ8cnC2MwBOdUKz0=,bm4z25eK5XpshUpvmCopBWXCuac=
-68,141,lDujO1idUPlYJ8cnC2MwBOdUKz0=,bm4z25eK5XpshUpvmCopBWXCuac=
-70,141,lDujO1idUPlYJ8cnC2MwBOdUKz0=,bm4z25eK5XpshUpvmCopBWXCuac=
-71,141,lDujO1idUPlYJ8cnC2MwBOdUKz0=,bm4z25eK5XpshUpvmCopBWXCuac=
-80,137,lDujO1idUPlYJ8cnC2MwBOdUKz0=,bm4z25eK5XpshUpvmCopBWXCuac=
-74,141,lDujO1idUPlYJ8cnC2MwBOdUKz0=,bm4z25eK5XpshUpvmCopBWXCuac=
-72,141,lDujO1idUPlYJ8cnC2MwBOdUKz0=,bm4z25eK5XpshUpvmCopBWXCuac=
-73,141,lDujO1idUPlYJ8cnC2MwBOdUKz0=,bm4z25eK5XpshUpvmCopBWXCuac=
-75,141,lDujO1idUPlYJ8cnC2MwBOdUKz0=,bm4z25eK5XpshUpvmCopBWXCuac=
-79,137,lDujO1idUPlYJ8cnC2MwBOdUKz0=,bm4z25eK5XpshUpvmCopBWXCuac=
-78,141,lDujO1idUPlYJ8cnC2MwBOdUKz0=,bm4z25eK5XpshUpvmCopBWXCuac=
-77,141,lDujO1idUPlYJ8cnC2MwBOdUKz0=,bm4z25eK5XpshUpvmCopBWXCuac=
-76,141,lDujO1idUPlYJ8cnC2MwBOdUKz0=,bm4z25eK5XpshUpvmCopBWXCuac=
-79,141,lDujO1idUPlYJ8cnC2MwBOdUKz0=,bm4z25eK5XpshUpvmCopBWXCuac=
-80,141,lDujO1idUPlYJ8cnC2MwBOdUKz0=,bm4z25eK5XpshUpvmCopBWXCuac=
-78,137,lDujO1idUPlYJ8cnC2MwBOdUKz0=,bm4z25eK5XpshUpvmCopBWXCuac=
-79,128,lDujO1idUPlYJ8cnC2MwBOdUKz0=,bm4z25eK5XpshUpvmCopBWXCuac=
-66,140,lDujO1idUPlYJ8cnC2MwBOdUKz0=,bm4z25eK5XpshUpvmCopBWXCuac=
-65,140,lDujO1idUPlYJ8cnC2MwBOdUKz0=,bm4z25eK5XpshUpvmCopBWXCuac=
-77,137,lDujO1idUPlYJ8cnC2MwBOdUKz0=,bm4z25eK5XpshUpvmCopBWXCuac=
-68,140,lDujO1idUPlYJ8cnC2MwBOdUKz0=,bm4z25eK5XpshUpvmCopBWXCuac=
-70,130,lDujO1idUPlYJ8cnC2MwBOdUKz0=,bm4z25eK5XpshUpvmCopBWXCuac=
-76,137,lDujO1idUPlYJ8cnC2MwBOdUKz0=,bm4z25eK5XpshUpvmCopBWXCuac=
-66,128,lDujO1idUPlYJ8cnC2MwBOdUKz0=,bm4z25eK5XpshUpvmCopBWXCuac=
-67,140,lDujO1idUPlYJ8cnC2MwBOdUKz0=,bm4z25eK5XpshUpvmCopBWXCuac=
-76,142,lDujO1idUPlYJ8cnC2MwBOdUKz0=,bm4z25eK5XpshUpvmCopBWXCuac=
-70,140,lDujO1idUPlYJ8cnC2MwBOdUKz0=,bm4z25eK5XpshUpvmCopBWXCuac=
-69,140,lDujO1idUPlYJ8cnC2MwBOdUKz0=,bm4z25eK5XpshUpvmCopBWXCuac=
-75,137,lDujO1idUPlYJ8cnC2MwBOdUKz0=,bm4z25eK5XpshUpvmCopBWXCuac=
-72,140,lDujO1idUPlYJ8cnC2MwBOdUKz0=,bm4z25eK5XpshUpvmCopBWXCuac=
-73,142,lDujO1idUPlYJ8cnC2MwBOdUKz0=,bm4z25eK5XpshUpvmCopBWXCuac=
-74,140,lDujO1idUPlYJ8cnC2MwBOdUKz0=,bm4z25eK5XpshUpvmCopBWXCuac=
-75,140,lDujO1idUPlYJ8cnC2MwBOdUKz0=,bm4z25eK5XpshUpvmCopBWXCuac=
-73,140,lDujO1idUPlYJ8cnC2MwBOdUKz0=,bm4z25eK5XpshUpvmCopBWXCuac=
-71,140,lDujO1idUPlYJ8cnC2MwBOdUKz0=,bm4z25eK5XpshUpvmCopBWXCuac=
-74,137,lDujO1idUPlYJ8cnC2MwBOdUKz0=,bm4z25eK5XpshUpvmCopBWXCuac=
-77,140,lDujO1idUPlYJ8cnC2MwBOdUKz0=,bm4z25eK5XpshUpvmCopBWXCuac=
-76,140,lDujO1idUPlYJ8cnC2MwBOdUKz0=,bm4z25eK5XpshUpvmCopBWXCuac=
-79,140,lDujO1idUPlYJ8cnC2MwBOdUKz0=,bm4z25eK5XpshUpvmCopBWXCuac=
-73,137,lDujO1idUPlYJ8cnC2MwBOdUKz0=,bm4z25eK5XpshUpvmCopBWXCuac=
-77,142,lDujO1idUPlYJ8cnC2MwBOdUKz0=,bm4z25eK5XpshUpvmCopBWXCuac=
-65,139,lDujO1idUPlYJ8cnC2MwBOdUKz0=,bm4z25eK5XpshUpvmCopBWXCuac=
-66,139,lDujO1idUPlYJ8cnC2MwBOdUKz0=,bm4z25eK5XpshUpvmCopBWXCuac=
-78,140,lDujO1idUPlYJ8cnC2MwBOdUKz0=,bm4z25eK5XpshUpvmCopBWXCuac=
-67,139,lDujO1idUPlYJ8cnC2MwBOdUKz0=,bm4z25eK5XpshUpvmCopBWXCuac=
-68,139,lDujO1idUPlYJ8cnC2MwBOdUKz0=,bm4z25eK5XpshUpvmCopBWXCuac=
-67,128,lDujO1idUPlYJ8cnC2MwBOdUKz0=,bm4z25eK5XpshUpvmCopBWXCuac=
-72,137,lDujO1idUPlYJ8cnC2MwBOdUKz0=,bm4z25eK5XpshUpvmCopBWXCuac=
-69,139,lDujO1idUPlYJ8cnC2MwBOdUKz0=,bm4z25eK5XpshUpvmCopBWXCuac=
-70,139,lDujO1idUPlYJ8cnC2MwBOdUKz0=,bm4z25eK5XpshUpvmCopBWXCuac=
-71,130,lDujO1idUPlYJ8cnC2MwBOdUKz0=,bm4z25eK5XpshUpvmCopBWXCuac=
-71,139,lDujO1idUPlYJ8cnC2MwBOdUKz0=,bm4z25eK5XpshUpvmCopBWXCuac=
-72,139,lDujO1idUPlYJ8cnC2MwBOdUKz0=,bm4z25eK5XpshUpvmCopBWXCuac=
-73,139,lDujO1idUPlYJ8cnC2MwBOdUKz0=,bm4z25eK5XpshUpvmCopBWXCuac=
-73,130,lDujO1idUPlYJ8cnC2MwBOdUKz0=,bm4z25eK5XpshUpvmCopBWXCuac=
-74,139,lDujO1idUPlYJ8cnC2MwBOdUKz0=,bm4z25eK5XpshUpvmCopBWXCuac=
-75,139,lDujO1idUPlYJ8cnC2MwBOdUKz0=,bm4z25eK5XpshUpvmCopBWXCuac=
-76,139,lDujO1idUPlYJ8cnC2MwBOdUKz0=,bm4z25eK5XpshUpvmCopBWXCuac=
-77,139,lDujO1idUPlYJ8cnC2MwBOdUKz0=,bm4z25eK5XpshUpvmCopBWXCuac=
-78,139,lDujO1idUPlYJ8cnC2MwBOdUKz0=,bm4z25eK5XpshUpvmCopBWXCuac=
-80,139,lDujO1idUPlYJ8cnC2MwBOdUKz0=,bm4z25eK5XpshUpvmCopBWXCuac=
-71,137,lDujO1idUPlYJ8cnC2MwBOdUKz0=,bm4z25eK5XpshUpvmCopBWXCuac=
-79,139,lDujO1idUPlYJ8cnC2MwBOdUKz0=,bm4z25eK5XpshUpvmCopBWXCuac=
-65,138,lDujO1idUPlYJ8cnC2MwBOdUKz0=,bm4z25eK5XpshUpvmCopBWXCuac=
-67,138,lDujO1idUPlYJ8cnC2MwBOdUKz0=,bm4z25eK5XpshUpvmCopBWXCuac=
-66,138,lDujO1idUPlYJ8cnC2MwBOdUKz0=,bm4z25eK5XpshUpvmCopBWXCuac=
-68,138,lDujO1idUPlYJ8cnC2MwBOdUKz0=,bm4z25eK5XpshUpvmCopBWXCuac=
-69,128,lDujO1idUPlYJ8cnC2MwBOdUKz0=,bm4z25eK5XpshUpvmCopBWXCuac=
-69,138,lDujO1idUPlYJ8cnC2MwBOdUKz0=,bm4z25eK5XpshUpvmCopBWXCuac=
-68,128,lDujO1idUPlYJ8cnC2MwBOdUKz0=,bm4z25eK5XpshUpvmCopBWXCuac=
-70,138,lDujO1idUPlYJ8cnC2MwBOdUKz0=,bm4z25eK5XpshUpvmCopBWXCuac=
-72,130,lDujO1idUPlYJ8cnC2MwBOdUKz0=,bm4z25eK5XpshUpvmCopBWXCuac=
-71,138,lDujO1idUPlYJ8cnC2MwBOdUKz0=,bm4z25eK5XpshUpvmCopBWXCuac=
-72,138,lDujO1idUPlYJ8cnC2MwBOdUKz0=,bm4z25eK5XpshUpvmCopBWXCuac=
-70,137,lDujO1idUPlYJ8cnC2MwBOdUKz0=,bm4z25eK5XpshUpvmCopBWXCuac=
-74,138,lDujO1idUPlYJ8cnC2MwBOdUKz0=,bm4z25eK5XpshUpvmCopBWXCuac=
-73,138,lDujO1idUPlYJ8cnC2MwBOdUKz0=,bm4z25eK5XpshUpvmCopBWXCuac=
-77,138,lDujO1idUPlYJ8cnC2MwBOdUKz0=,bm4z25eK5XpshUpvmCopBWXCuac=
-76,138,lDujO1idUPlYJ8cnC2MwBOdUKz0=,bm4z25eK5XpshUpvmCopBWXCuac=
-75,138,lDujO1idUPlYJ8cnC2MwBOdUKz0=,bm4z25eK5XpshUpvmCopBWXCuac=
-69,137,lDujO1idUPlYJ8cnC2MwBOdUKz0=,bm4z25eK5XpshUpvmCopBWXCuac=
-78,138,lDujO1idUPlYJ8cnC2MwBOdUKz0=,bm4z25eK5XpshUpvmCopBWXCuac=
-80,138,lDujO1idUPlYJ8cnC2MwBOdUKz0=,bm4z25eK5XpshUpvmCopBWXCuac=
-79,138,lDujO1idUPlYJ8cnC2MwBOdUKz0=,bm4z25eK5XpshUpvmCopBWXCuac=
-65,137,lDujO1idUPlYJ8cnC2MwBOdUKz0=,bm4z25eK5XpshUpvmCopBWXCuac=
-66,137,lDujO1idUPlYJ8cnC2MwBOdUKz0=,bm4z25eK5XpshUpvmCopBWXCuac=
-67,137,lDujO1idUPlYJ8cnC2MwBOdUKz0=,bm4z25eK5XpshUpvmCopBWXCuac=
-68,137,lDujO1idUPlYJ8cnC2MwBOdUKz0=,bm4z25eK5XpshUpvmCopBWXCuac=
-80,140,lDujO1idUPlYJ8cnC2MwBOdUKz0=,bm4z25eK5XpshUpvmCopBWXCuac=
-75,142,lDujO1idUPlYJ8cnC2MwBOdUKz0=,bm4z25eK5XpshUpvmCopBWXCuac=
-72,142,lDujO1idUPlYJ8cnC2MwBOdUKz0=,bm4z25eK5XpshUpvmCopBWXCuac=
-78,129,lDujO1idUPlYJ8cnC2MwBOdUKz0=,bm4z25eK5XpshUpvmCopBWXCuac=
-74,142,lDujO1idUPlYJ8cnC2MwBOdUKz0=,bm4z25eK5XpshUpvmCopBWXCuac=
